filemname	vertexCount	edgeCount	orthogonalWidth	orthogonalHeight	orthogonalComplexity	orthogonalCompressedWidth	orthogonalCompressedHeight	orthogonalCompressedComplexity	smoothWidth	smoothHeight	smoothComplexity	smoothCheapAdjWidth	smoothCheapAdjHeight	smoothCheapAdjComplexity	smoothAllAdjWidth	smoothAllAdjHeight	smoothAllAdjComplexity
grafo10009	31	37	7	30	185	7	15	185	11	15	41	11	15	41	11	15	41	
grafo1001	12	14	3	11	70	3	10	70	3	10	16	3	10	16	11	10	16	
grafo10011	31	37	7	30	185	7	23	185	-1	-1	-1	20	23	44	26	23	43	
grafo1002	20	23	4	19	115	4	11	115	6	11	27	6	11	27	14	11	26	
grafo1003	11	13	3	10	65	2	7	65	2	7	14	2	7	14	8	7	14	
grafo1004	11	14	4	11	70	4	8	70	4	9	18	4	9	18	8	9	17	
grafo10040	32	38	7	31	190	6	20	190	14	20	45	14	20	45	30	23	44	
grafo1005	11	13	3	10	65	3	8	65	3	8	16	3	8	16	11	8	16	
grafo10059	32	39	8	31	195	8	20	195	8	20	49	8	20	49	20	20	47	
grafo1006	11	13	3	10	65	3	9	65	7	9	16	7	9	16	9	9	16	
grafo10065	32	41	10	32	205	9	25	205	20	28	51	20	28	51	35	36	48	
grafo10068	31	38	8	30	190	7	23	190	-1	-1	-1	20	23	45	33	23	43	
grafo1007	20	24	5	19	120	4	14	120	4	14	29	4	14	29	14	14	29	
grafo10070	32	40	9	31	200	7	24	200	15	24	49	15	24	49	46	39	49	
grafo10075	31	37	7	30	185	7	23	185	18	23	46	18	23	46	30	23	45	
grafo1008	12	14	3	11	70	3	9	70	3	9	17	3	9	17	13	9	17	
grafo1009	17	20	4	16	100	3	15	100	3	15	24	3	15	24	21	15	23	
grafo1010	10	12	3	9	60	3	9	60	3	9	15	3	9	15	9	9	15	
grafo1012	22	27	6	21	135	6	17	135	6	17	32	6	17	32	18	17	33	
grafo1014	14	19	6	13	95	4	9	95	4	9	25	4	9	25	13	9	22	
grafo1016	18	22	5	18	110	5	15	110	29	28	27	29	28	27	32	28	27	
grafo10182	33	40	8	33	200	8	22	200	45	42	50	45	42	50	47	42	49	
grafo1019	11	13	3	11	65	3	10	65	4	10	15	4	10	15	9	13	15	
grafo1020	12	13	2	11	65	2	11	65	2	11	15	2	11	15	11	11	15	
grafo1022	17	20	4	16	100	3	11	100	3	11	23	3	11	23	14	11	23	
grafo1023	11	14	4	10	70	4	9	70	7	9	17	7	9	17	13	9	17	
grafo10231	32	38	7	31	190	7	20	190	-1	-1	-1	14	20	46	29	37	46	
grafo1024	20	23	4	19	115	4	15	115	12	15	27	12	15	27	21	15	26	
grafo1025	15	18	4	14	90	3	13	90	3	13	21	3	13	21	13	13	20	
grafo1027	11	15	5	11	75	5	8	75	5	9	22	5	9	22	12	11	21	
grafo1029	16	19	4	15	95	3	11	95	8	11	21	8	11	21	11	11	21	
grafo1030	15	19	5	14	95	5	14	95	-1	-1	-1	14	14	25	30	20	24	
grafo1031	16	19	4	15	95	4	12	95	4	12	24	4	12	24	21	12	23	
grafo1032	10	11	2	9	55	2	9	55	2	9	13	2	9	13	9	9	13	
grafo1036	20	26	7	19	130	7	14	130	8	14	35	8	14	35	26	19	33	
grafo1038	23	27	5	23	135	5	15	135	-1	-1	-1	12	17	32	19	20	31	
grafo1044	23	27	5	22	135	5	20	135	5	20	33	5	20	33	37	20	33	
grafo10472	32	38	7	31	190	7	19	190	14	19	47	14	19	47	16	19	47	
grafo1049	21	25	5	20	125	5	16	125	12	16	30	12	16	30	22	16	30	
grafo1057	16	20	5	16	100	5	12	100	5	13	26	5	13	26	9	14	26	
grafo1058	14	17	4	13	85	4	11	85	8	11	21	8	11	21	17	12	20	
grafo1059	18	21	4	18	105	4	12	105	18	17	25	18	17	25	20	19	25	
grafo1060	11	14	4	10	70	4	9	70	4	9	18	4	9	18	9	9	17	
grafo1061	11	13	3	11	65	3	9	65	17	16	17	17	16	17	22	16	16	
grafo1062	15	20	6	14	100	5	12	100	5	12	27	5	12	27	18	12	25	
grafo1065	14	16	3	13	80	3	13	80	3	13	19	3	13	19	13	13	19	
grafo1066	11	12	2	10	60	2	10	60	2	10	13	2	10	13	11	10	13	
grafo1067	13	15	3	12	75	3	11	75	6	11	17	6	11	17	15	11	17	
grafo1069	16	18	3	15	90	3	11	90	3	11	21	3	11	21	12	11	21	
grafo1070	10	12	3	9	60	3	8	60	3	8	16	3	8	16	14	8	15	
grafo10707	33	39	7	32	195	6	21	195	16	21	46	16	21	46	31	22	45	
grafo1071	10	12	3	10	60	3	10	60	7	10	15	7	10	15	9	11	15	
grafo10731	32	38	7	31	190	6	25	190	-1	-1	-1	8	25	45	25	25	44	
grafo1074	14	20	7	14	100	7	13	100	-1	-1	-1	15	17	28	25	22	27	
grafo1077	11	13	3	10	65	2	9	65	2	9	15	2	9	15	9	9	15	
grafo1078	11	13	3	10	65	3	10	65	3	10	15	3	10	15	11	10	15	
grafo10839	32	38	7	31	190	7	24	190	15	24	43	15	24	43	24	24	43	
grafo1084	11	11	1	10	55	1	10	55	2	10	12	2	10	12	10	10	12	
grafo1089	23	26	4	22	130	4	15	130	4	15	30	4	15	30	17	17	29	
grafo1095	11	16	6	11	80	5	9	80	-1	-1	-1	8	10	21	8	10	21	
grafo1099	11	13	3	11	65	3	7	65	14	12	15	14	12	15	14	12	15	
grafo1100	11	13	3	10	65	3	9	65	3	9	16	3	9	16	9	9	16	
grafo11029	32	38	7	31	190	6	24	190	15	24	45	15	24	45	32	24	43	
grafo1103	24	32	9	23	160	9	20	160	-1	-1	-1	27	20	41	33	20	42	
grafo1104	21	26	6	20	130	5	15	130	11	15	30	11	15	30	13	15	30	
grafo11127	31	38	8	30	190	7	26	190	-1	-1	-1	22	26	46	35	28	45	
grafo1113	20	25	6	19	125	6	18	125	6	18	30	6	18	30	18	18	30	
grafo1116	16	19	4	15	95	4	12	95	4	12	24	4	12	24	21	12	23	
grafo1117	11	13	3	10	65	3	8	65	3	8	16	3	8	16	8	8	15	
grafo1118	22	27	6	21	135	5	13	135	12	13	29	12	13	29	31	52	29	
grafo11180	34	41	8	34	205	7	21	205	42	40	47	42	40	47	42	40	46	
grafo11202	32	39	8	31	195	8	16	195	15	16	47	15	16	47	35	16	46	
grafo1121	17	22	6	16	110	5	14	110	15	14	27	15	14	27	18	14	27	
grafo1122	17	21	5	16	105	4	12	105	9	12	24	9	12	24	12	12	24	
grafo1124	15	19	5	14	95	5	14	95	-1	-1	-1	14	14	25	30	20	24	
grafo11277	34	41	8	33	205	7	19	205	16	19	49	16	19	49	28	19	48	
grafo1128	11	13	3	10	65	3	9	65	5	9	15	5	9	15	12	9	15	
grafo11293	33	40	8	33	200	7	19	200	15	21	48	15	21	48	30	29	47	
grafo11310	35	42	8	34	210	8	24	210	-1	-1	-1	14	26	51	26	26	50	
grafo1132	19	22	4	18	110	4	18	110	-1	-1	-1	15	18	27	29	20	26	
grafo11328	32	40	9	31	200	9	22	200	19	22	48	19	22	48	42	22	46	
grafo1134	11	13	3	10	65	3	9	65	7	9	16	7	9	16	9	9	16	
grafo1136	15	20	6	15	100	5	11	100	5	12	24	5	12	24	8	14	24	
grafo11360	32	39	8	31	195	8	25	195	20	25	48	20	25	48	33	25	47	
grafo1137	10	12	3	10	60	3	10	60	4	10	14	4	10	14	10	13	14	
grafo1138	15	18	4	14	90	4	12	90	4	12	21	4	12	21	13	12	21	
grafo11382	33	40	8	32	200	6	17	200	13	17	43	13	17	43	14	17	43	
grafo11384	30	35	6	29	175	6	24	175	17	24	40	17	24	40	27	24	40	
grafo1139	15	17	3	14	85	3	12	85	4	12	20	4	12	20	14	12	19	
grafo11401	33	43	11	32	215	8	16	215	15	16	52	15	16	52	25	16	51	
grafo11409	34	40	7	33	200	7	21	200	17	21	47	17	21	47	24	21	47	
grafo11426	33	40	8	33	200	7	28	200	20	30	47	20	30	47	45	43	47	
grafo1143	18	22	5	17	110	5	15	110	12	15	27	12	15	27	22	15	27	
grafo11451	32	37	6	31	185	6	26	185	6	26	44	6	26	44	31	26	43	
grafo11463	33	41	9	32	205	9	29	205	-1	-1	-1	37	29	53	89	41	50	
grafo1147	18	22	5	18	110	4	14	110	10	15	26	10	15	26	13	16	26	
grafo11476	32	39	8	31	195	8	24	195	10	24	47	10	24	47	26	24	46	
grafo1153	21	26	6	20	130	6	13	130	6	13	34	6	13	34	18	13	33	
grafo1155	11	13	3	10	65	3	9	65	3	9	16	3	9	16	9	9	16	
grafo11559	31	39	9	30	195	8	28	195	8	28	46	8	28	46	29	28	47	
grafo1156	14	17	4	13	85	3	12	85	3	12	20	3	12	20	20	12	20	
grafo11596	34	42	9	33	210	8	26	210	8	26	53	8	26	53	33	26	52	
grafo1162	11	13	3	10	65	3	9	65	3	9	16	3	9	16	9	9	16	
grafo1166	11	14	4	11	70	4	9	70	4	10	17	4	10	17	8	12	16	
grafo11667	30	36	7	29	180	7	26	180	-1	-1	-1	12	26	43	31	31	42	
grafo1168	24	29	6	23	145	5	16	145	5	16	36	5	16	36	23	16	34	
grafo1169	18	22	5	18	110	5	10	110	20	18	27	20	18	27	20	18	27	
grafo117	20	24	5	19	120	5	13	120	7	13	29	7	13	29	20	13	29	
grafo1170	27	32	6	26	160	6	19	160	6	19	38	6	19	38	19	19	36	
grafo1171	22	28	7	21	140	7	20	140	7	20	36	7	20	36	30	21	35	
grafo1175	19	24	6	19	120	6	13	120	-1	-1	-1	-1	-1	-1	34	24	32	
grafo1176	11	14	4	11	70	4	10	70	8	10	18	8	10	18	11	11	18	
grafo1179	17	21	5	16	105	5	14	105	-1	-1	-1	9	15	26	21	21	25	
grafo1184	25	30	6	24	150	5	17	150	5	17	36	5	17	36	17	17	35	
grafo1198	29	33	5	28	165	5	14	165	10	14	38	10	14	38	10	14	38	
grafo120	40	48	9	39	240	9	31	240	-1	-1	-1	23	31	60	120	82	59	
grafo1263	25	31	7	25	155	6	17	155	33	32	38	33	32	38	36	32	37	
grafo1266	23	27	5	23	135	4	19	135	12	19	31	12	19	31	16	20	31	
grafo127	21	24	4	21	120	4	17	120	4	18	26	4	18	26	8	20	26	
grafo1325	24	28	5	23	140	5	21	140	14	21	32	14	21	32	28	21	32	
grafo133	16	20	5	15	100	4	10	100	-1	-1	-1	6	10	23	16	10	22	
grafo1373	27	34	8	28	170	8	17	170	31	34	43	31	34	43	44	42	41	
grafo139	24	31	8	23	155	7	17	155	8	17	38	8	17	38	24	17	36	
grafo1397	26	32	7	26	160	6	20	160	-1	-1	-1	16	21	39	24	23	39	
grafo140	22	27	6	21	135	5	15	135	12	15	32	12	15	32	13	15	32	
grafo1422	22	25	4	22	125	4	16	125	11	16	28	11	16	28	12	16	28	
grafo144	12	15	4	11	75	4	9	75	9	9	18	9	9	18	11	9	17	
grafo1457	24	27	4	23	135	4	17	135	4	17	30	4	17	30	28	17	30	
grafo147	29	34	6	28	170	6	23	170	6	23	40	6	23	40	23	23	40	
grafo1485	23	27	5	23	135	5	13	135	10	14	31	10	14	31	12	15	31	
grafo1503	22	30	9	21	150	9	18	150	13	18	40	13	18	40	56	19	37	
grafo156	21	26	6	20	130	5	15	130	12	15	32	12	15	32	18	15	31	
grafo1614	14	16	3	13	80	3	11	80	8	11	18	8	11	18	9	11	18	
grafo1616	17	22	6	16	110	5	13	110	5	13	29	5	13	29	26	13	28	
grafo1620	14	17	4	13	85	4	11	85	4	11	20	4	11	20	12	11	20	
grafo1633	17	20	4	16	100	4	14	100	4	14	24	4	14	24	17	14	23	
grafo1634	17	20	4	17	100	4	10	100	8	11	24	8	11	24	13	13	24	
grafo1642	18	21	4	17	105	4	16	105	4	16	25	4	16	25	16	16	25	
grafo1643	10	12	3	9	60	3	9	60	3	9	15	3	9	15	9	9	14	
grafo1653	18	22	5	18	110	5	15	110	11	16	27	11	16	27	17	18	27	
grafo1655	26	33	8	26	165	6	19	165	7	21	38	7	21	38	8	21	38	
grafo1658	14	17	4	13	85	4	10	85	10	10	20	10	10	20	12	10	20	
grafo1660	19	25	7	18	125	7	13	125	11	13	36	11	13	36	30	16	34	
grafo1665	17	19	3	16	95	3	12	95	3	12	21	3	12	21	13	12	21	
grafo167	22	28	7	21	140	6	18	140	9	18	34	9	18	34	29	18	33	
grafo1670	16	21	6	15	105	6	13	105	-1	-1	-1	8	13	27	16	13	26	
grafo1671	17	20	4	16	100	4	14	100	4	14	25	4	14	25	19	14	24	
grafo1676	20	25	6	20	125	3	16	125	10	16	27	10	16	27	10	16	27	
grafo1689	31	38	8	31	190	7	21	190	11	23	45	11	23	45	17	26	43	
grafo1692	16	19	4	15	95	4	13	95	9	13	22	9	13	22	19	13	22	
grafo1694	32	41	10	33	205	9	23	205	54	46	50	54	46	50	54	54	49	
grafo1695	15	20	6	14	100	6	12	100	9	12	24	9	12	24	18	12	23	
grafo1703	18	23	6	17	115	5	11	115	5	11	28	5	11	28	16	11	26	
grafo1713	19	21	3	19	105	3	15	105	9	15	24	9	15	24	15	18	24	
grafo1717	14	17	4	13	85	4	11	85	7	11	22	7	11	22	16	11	21	
grafo1724	19	24	6	18	120	6	12	120	11	12	31	11	12	31	15	12	30	
grafo173	26	33	8	26	165	8	13	165	8	15	42	8	15	42	12	16	41	
grafo1731	16	21	6	15	105	5	14	105	7	14	26	7	14	26	18	15	26	
grafo174	27	32	6	26	160	5	17	160	13	17	37	13	17	37	20	17	37	
grafo1741	16	19	4	15	95	4	12	95	4	12	24	4	12	24	12	12	24	
grafo1748	16	19	4	15	95	3	13	95	3	13	22	3	13	22	17	13	22	
grafo1751	17	22	6	16	110	5	12	110	5	12	27	5	12	27	16	12	26	
grafo1756	16	21	6	15	105	6	13	105	-1	-1	-1	8	13	27	16	13	26	
grafo1769	16	21	6	15	105	6	13	105	-1	-1	-1	8	13	27	16	13	26	
grafo177	11	13	3	10	65	3	9	65	7	9	16	7	9	16	9	9	16	
grafo1787	16	19	4	15	95	4	12	95	5	12	21	5	12	21	14	12	21	
grafo1790	16	20	5	15	100	5	15	100	5	15	25	5	15	25	15	15	25	
grafo1799	26	33	8	26	165	7	21	165	-1	-1	-1	22	25	41	33	25	41	
grafo1808	15	17	3	14	85	3	13	85	3	13	20	3	13	20	14	14	20	
grafo1809	17	20	4	17	100	4	9	100	7	10	24	7	10	24	8	10	24	
grafo1812	19	24	6	19	120	5	16	120	5	17	29	5	17	29	16	21	28	
grafo1815	34	40	7	33	200	7	24	200	7	24	49	7	24	49	24	24	46	
grafo1821	19	23	5	18	115	5	17	115	16	17	28	16	17	28	28	17	28	
grafo1829	15	20	6	14	100	4	12	100	-1	-1	-1	7	12	24	16	12	23	
grafo1832	11	14	4	10	70	4	10	70	4	10	17	4	10	17	11	10	18	
grafo1849	16	21	6	15	105	6	13	105	-1	-1	-1	8	13	27	16	13	26	
grafo1853	13	16	4	13	80	3	12	80	7	12	18	7	12	18	7	12	18	
grafo1856	14	16	3	13	80	3	12	80	3	12	18	3	12	18	12	12	18	
grafo1857	10	13	4	11	65	4	8	65	14	13	16	14	13	16	14	13	16	
grafo1858	19	23	5	18	115	5	17	115	5	17	28	5	17	28	22	17	28	
grafo186	30	36	7	29	180	6	25	180	6	25	42	6	25	42	28	25	42	
grafo1864	18	22	5	17	110	5	14	110	5	14	27	5	14	27	17	14	27	
grafo1865	18	21	4	17	105	4	11	105	9	11	25	9	11	25	12	11	25	
grafo1869	31	38	8	30	190	8	20	190	17	20	48	17	20	48	31	22	47	
grafo1881	19	25	7	19	125	5	11	125	10	11	30	10	11	30	15	13	30	
grafo1883	15	18	4	14	90	4	10	90	4	10	22	4	10	22	10	10	21	
grafo1884	16	19	4	15	95	4	12	95	8	12	24	8	12	24	16	12	23	
grafo1888	15	19	5	14	95	5	11	95	8	11	25	8	11	25	16	11	24	
grafo1895	14	17	4	13	85	3	9	85	7	9	20	7	9	20	9	9	19	
grafo1897	19	22	4	18	110	3	16	110	3	16	24	3	16	24	17	16	24	
grafo1902	12	15	4	11	75	3	7	75	6	7	18	6	7	18	9	7	17	
grafo1905	13	16	4	12	80	4	10	80	9	10	18	9	10	18	9	10	18	
grafo1916	20	25	6	19	125	5	13	125	11	13	31	11	13	31	15	13	30	
grafo1925	35	40	6	34	200	5	27	200	18	27	43	18	27	43	22	27	43	
grafo193	12	14	3	11	70	3	11	70	8	11	17	8	11	17	13	11	17	
grafo1930	13	16	4	12	80	4	10	80	4	10	19	4	10	19	11	10	18	
grafo1934	14	17	4	13	85	4	11	85	7	11	22	7	11	22	16	11	21	
grafo1938	12	16	5	11	80	5	8	80	-1	-1	-1	7	8	20	10	8	19	
grafo1939	22	24	3	21	120	3	16	120	3	16	27	3	16	27	16	16	27	
grafo1942	18	21	4	17	105	4	17	105	11	17	25	11	17	25	23	17	25	
grafo1945	16	19	4	16	95	4	14	95	10	14	22	10	14	22	12	14	22	
grafo1953	32	38	7	31	190	7	19	190	-1	-1	-1	8	19	47	27	19	46	
grafo1958	30	36	7	30	180	6	21	180	15	23	42	15	23	42	34	32	41	
grafo1960	26	33	8	25	165	8	17	165	14	17	42	14	17	42	26	17	40	
grafo1961	15	18	4	14	90	3	13	90	3	13	21	3	13	21	15	13	21	
grafo1969	14	17	4	13	85	4	11	85	7	11	22	7	11	22	16	11	21	
grafo197	15	18	4	14	90	4	14	90	4	14	22	4	14	22	23	14	22	
grafo1982	15	19	5	15	95	5	8	95	16	14	24	16	14	24	16	14	24	
grafo1989	31	36	6	30	180	6	26	180	19	26	42	19	26	42	25	26	41	
grafo1997	27	34	8	26	170	7	19	170	7	19	39	7	19	39	25	19	38	
grafo1998	31	38	8	30	190	6	21	190	-1	-1	-1	18	21	44	23	21	44	
grafo2001	12	16	5	12	80	4	9	80	6	10	19	6	10	19	6	10	19	
grafo2021	27	34	8	27	170	7	22	170	16	24	41	16	24	41	44	38	41	
grafo203	13	16	4	12	80	3	10	80	3	10	20	3	10	20	10	10	19	
grafo2036	27	35	9	26	175	9	17	175	9	17	46	9	17	46	36	18	44	
grafo2054	29	39	11	29	195	9	18	195	-1	-1	-1	11	21	47	14	22	47	
grafo2056	20	24	5	20	120	5	14	120	11	15	30	11	15	30	17	18	29	
grafo206	12	14	3	11	70	3	10	70	3	10	16	3	10	16	12	12	16	
grafo2060	25	30	6	24	150	6	15	150	6	15	37	6	15	37	22	15	36	
grafo2066	33	42	10	32	210	9	18	210	13	18	52	13	18	52	50	84	53	
grafo2067	25	31	7	24	155	7	22	155	6	22	36	6	22	36	22	22	35	
grafo2074	34	40	7	33	200	7	23	200	-1	-1	-1	21	23	50	34	23	49	
grafo2079	19	24	6	18	120	6	14	120	-1	-1	-1	8	14	31	14	14	30	
grafo2101	17	19	3	16	95	3	16	95	10	16	22	10	16	22	20	16	22	
grafo2105	10	14	5	10	70	5	10	70	5	10	21	5	10	21	19	14	19	
grafo2107	31	38	8	30	190	8	19	190	16	19	46	16	19	46	21	19	46	
grafo211	14	17	4	13	85	4	13	85	6	13	21	6	13	21	16	13	22	
grafo2118	15	18	4	14	90	4	10	90	4	10	22	4	10	22	14	10	22	
grafo212	14	17	4	13	85	4	11	85	4	11	21	4	11	21	19	11	21	
grafo2122	20	24	5	19	120	5	18	120	5	18	30	5	18	30	25	25	29	
grafo2123	26	32	7	25	160	7	18	160	7	18	41	7	18	41	30	18	38	
grafo2125	16	20	5	15	100	4	12	100	8	12	25	8	12	25	15	12	24	
grafo213	18	24	7	17	120	7	14	120	10	14	33	10	14	33	36	24	30	
grafo2130	31	41	11	30	205	10	24	205	10	24	53	10	24	53	24	24	50	
grafo2137	22	25	4	21	125	4	18	125	4	18	30	4	18	30	27	18	29	
grafo2140	25	31	7	25	155	7	19	155	-1	-1	-1	15	23	36	15	23	36	
grafo2142	16	20	5	16	100	5	12	100	9	13	25	9	13	25	10	14	25	
grafo2150	16	20	5	16	100	4	15	100	4	16	24	4	16	24	19	20	25	
grafo2153	19	24	6	19	120	5	15	120	25	23	28	25	23	28	25	23	28	
grafo2157	15	18	4	14	90	4	10	90	4	10	23	4	10	23	21	10	22	
grafo2168	16	19	4	16	95	4	14	95	4	15	23	4	15	23	16	19	24	
grafo2174	17	21	5	16	105	4	12	105	4	12	25	4	12	25	19	12	25	
grafo2185	24	31	8	23	155	8	21	155	-1	-1	-1	17	21	41	33	26	41	
grafo2196	16	19	4	15	95	4	14	95	-1	-1	-1	6	14	24	17	14	23	
grafo2197	13	16	4	12	80	4	12	80	-1	-1	-1	9	12	20	18	15	19	
grafo2204	13	15	3	12	75	3	9	75	3	9	18	3	9	18	11	9	18	
grafo221	15	18	4	14	90	3	12	90	3	12	22	3	12	22	17	12	20	
grafo2214	19	23	5	19	115	4	13	115	4	13	28	4	13	28	12	17	28	
grafo2218	13	15	3	12	75	3	12	75	3	12	18	3	12	18	13	13	18	
grafo222	11	12	2	10	60	2	10	60	2	10	14	2	10	14	10	10	14	
grafo2221	13	15	3	13	75	3	11	75	3	11	17	3	11	17	10	15	17	
grafo2222	17	20	4	16	100	4	13	100	4	13	23	4	13	23	13	13	22	
grafo2228	14	17	4	13	85	4	9	85	4	9	22	4	9	22	12	9	21	
grafo223	12	13	2	11	65	2	11	65	2	11	15	2	11	15	11	11	15	
grafo2232	15	17	3	14	85	3	12	85	8	12	20	8	12	20	11	12	20	
grafo224	17	20	4	16	100	4	14	100	4	14	25	4	14	25	24	14	24	
grafo2240	12	14	3	11	70	3	10	70	3	10	15	3	10	15	11	10	15	
grafo2244	18	21	4	18	105	4	16	105	4	17	26	4	17	26	11	18	25	
grafo2245	17	21	5	16	105	5	15	105	-1	-1	-1	6	15	25	16	15	24	
grafo2256	23	28	6	22	140	5	19	140	5	19	32	5	19	32	19	19	32	
grafo2257	14	18	5	13	90	5	11	90	-1	-1	-1	8	11	23	17	11	22	
grafo2259	14	17	4	13	85	4	10	85	4	10	21	4	10	21	10	10	21	
grafo226	14	17	4	13	85	4	8	85	4	8	21	4	8	21	12	8	19	
grafo2260	14	17	4	13	85	4	10	85	4	10	21	4	10	21	17	10	20	
grafo2261	12	16	5	11	80	5	9	80	9	9	21	9	9	21	14	9	21	
grafo2263	22	27	6	22	135	5	14	135	27	26	33	27	26	33	37	28	33	
grafo2266	15	18	4	15	90	4	14	90	10	15	21	10	15	21	15	17	22	
grafo2286	15	18	4	15	90	4	9	90	17	16	23	17	16	23	23	16	22	
grafo2287	13	16	4	13	80	4	8	80	4	9	20	4	9	20	7	9	19	
grafo229	13	14	2	12	70	2	12	70	2	12	16	2	12	16	12	12	16	
grafo2293	13	16	4	12	80	4	10	80	6	10	19	6	10	19	13	10	18	
grafo2295	22	28	7	21	140	7	15	140	-1	-1	-1	19	15	35	31	15	35	
grafo2305	21	27	7	21	135	5	15	135	5	15	34	5	15	34	17	20	34	
grafo2306	13	15	3	12	75	3	10	75	3	10	17	3	10	17	10	10	16	
grafo2308	19	23	5	19	115	4	13	115	4	14	28	4	14	28	9	16	28	
grafo2311	15	18	4	14	90	4	14	90	5	14	21	5	14	21	17	15	21	
grafo2312	11	13	3	10	65	3	9	65	3	9	16	3	9	16	9	9	16	
grafo2313	13	15	3	12	75	3	11	75	3	11	17	3	11	17	13	11	17	
grafo2318	15	18	4	14	90	4	13	90	10	13	21	10	13	21	17	13	21	
grafo2325	13	15	3	12	75	3	9	75	3	9	18	3	9	18	11	9	18	
grafo233	11	13	3	10	65	3	10	65	6	10	16	6	10	16	14	10	16	
grafo2331	15	18	4	14	90	4	12	90	4	12	22	4	12	22	15	12	22	
grafo2332	19	22	4	18	110	3	12	110	3	12	26	3	12	26	15	12	25	
grafo2333	13	16	4	12	80	4	10	80	4	10	21	4	10	21	13	10	20	
grafo2335	12	15	4	12	75	3	8	75	6	8	17	6	8	17	6	8	17	
grafo2338	14	15	2	13	75	2	8	75	5	8	16	5	8	16	7	8	16	
grafo2339	14	18	5	13	90	5	13	90	10	13	23	10	13	23	19	13	22	
grafo234	12	17	6	11	85	5	10	85	9	10	24	9	10	24	15	10	22	
grafo2343	12	14	3	11	70	3	10	70	3	10	17	3	10	17	10	10	17	
grafo2347	20	25	6	19	125	6	12	125	6	12	31	6	12	31	19	12	30	
grafo2349	16	20	5	15	100	5	14	100	11	14	25	11	14	25	18	14	26	
grafo235	13	15	3	13	75	3	9	75	6	9	18	6	9	18	7	10	18	
grafo2350	11	14	4	10	70	4	9	70	-1	-1	-1	6	9	18	13	12	17	
grafo2354	13	18	6	12	90	5	9	90	11	9	24	11	9	24	17	9	23	
grafo236	15	19	5	14	95	5	11	95	7	11	23	7	11	23	14	11	21	
grafo2360	17	22	6	16	110	6	15	110	9	15	29	9	15	29	29	16	28	
grafo237	16	19	4	15	95	4	15	95	4	15	23	4	15	23	19	19	24	
grafo2373	16	20	5	15	100	4	13	100	4	13	23	4	13	23	21	13	24	
grafo2376	16	21	6	15	105	5	13	105	11	13	25	11	13	25	14	13	24	
grafo2377	15	17	3	14	85	3	14	85	3	14	20	3	14	20	14	14	20	
grafo238	10	13	4	9	65	4	8	65	6	8	16	6	8	16	8	8	16	
grafo2384	11	14	4	10	70	4	7	70	7	7	17	7	7	17	8	7	17	
grafo2385	13	15	3	12	75	3	11	75	5	11	17	5	11	17	14	11	17	
grafo2392	14	18	5	13	90	5	13	90	-1	-1	-1	6	13	22	16	15	21	
grafo2393	14	18	5	13	90	5	10	90	5	10	23	5	10	23	17	10	22	
grafo2396	20	26	7	19	130	7	19	130	-1	-1	-1	14	21	35	28	28	33	
grafo2410	22	27	6	21	135	6	19	135	15	19	32	15	19	32	22	19	31	
grafo2413	16	21	6	15	105	5	12	105	10	12	27	10	12	27	19	12	26	
grafo2415	13	16	4	12	80	4	8	80	4	8	21	4	8	21	10	10	20	
grafo2416	21	27	7	20	135	6	14	135	11	14	32	11	14	32	23	14	30	
grafo2417	14	19	6	13	95	6	12	95	-1	-1	-1	9	12	26	19	16	26	
grafo2418	17	23	7	16	115	6	15	115	6	15	32	6	15	32	47	16	30	
grafo242	14	18	5	13	90	5	12	90	-1	-1	-1	7	12	25	22	13	23	
grafo2421	17	20	4	16	100	4	13	100	6	13	24	6	13	24	16	13	23	
grafo2428	19	25	7	19	125	7	10	125	23	17	33	23	17	33	23	17	33	
grafo2430	14	16	3	13	80	3	9	80	3	9	19	3	9	19	9	9	19	
grafo2433	11	13	3	10	65	3	8	65	3	8	16	3	8	16	8	8	16	
grafo2438	18	24	7	18	120	7	15	120	-1	-1	-1	12	19	31	14	19	31	
grafo2439	12	14	3	11	70	3	8	70	3	8	17	3	8	17	8	8	16	
grafo244	20	26	7	19	130	7	17	130	-1	-1	-1	13	17	36	26	17	35	
grafo245	21	25	5	21	125	5	18	125	37	34	30	37	34	30	39	34	30	
grafo2450	14	17	4	13	85	4	10	85	4	10	20	4	10	20	10	10	20	
grafo2451	17	21	5	16	105	5	12	105	-1	-1	-1	10	12	27	18	13	26	
grafo2458	12	14	3	11	70	3	11	70	-1	-1	-1	5	11	18	11	11	17	
grafo246	11	13	3	10	65	3	10	65	3	10	16	3	10	16	10	10	16	
grafo2466	14	16	3	14	80	3	11	80	6	11	19	6	11	19	8	12	19	
grafo2468	15	20	6	15	100	6	8	100	7	9	27	7	9	27	8	9	27	
grafo247	15	18	4	15	90	4	11	90	8	12	23	8	12	23	17	16	22	
grafo2470	16	21	6	15	105	5	12	105	5	12	26	5	12	26	16	12	25	
grafo2473	22	27	6	22	135	5	14	135	29	26	31	29	26	31	29	26	31	
grafo2481	15	19	5	14	95	4	11	95	8	11	22	8	11	22	16	11	21	
grafo2484	17	20	4	16	100	4	12	100	4	12	24	4	12	24	18	12	24	
grafo2485	13	18	6	13	90	6	12	90	18	17	23	18	17	23	18	17	23	
grafo2488	13	15	3	12	75	3	9	75	3	9	18	3	9	18	11	9	18	
grafo2493	16	21	6	16	105	6	14	105	12	15	27	12	15	27	18	16	27	
grafo2505	13	15	3	12	75	3	12	75	3	12	18	3	12	18	20	12	18	
grafo2511	10	11	2	9	55	2	7	55	2	7	13	2	7	13	7	7	13	
grafo2513	24	31	8	23	155	8	14	155	-1	-1	-1	17	14	40	35	14	37	
grafo2518	13	15	3	12	75	3	11	75	3	11	18	3	11	18	13	13	17	
grafo252	12	13	2	11	65	2	8	65	2	8	14	2	8	14	9	8	14	
grafo2526	13	16	4	12	80	4	12	80	4	12	18	4	12	18	14	12	18	
grafo2527	14	18	5	13	90	5	13	90	-1	-1	-1	6	13	23	15	15	22	
grafo253	15	18	4	14	90	4	10	90	10	10	21	10	10	21	10	10	21	
grafo2532	14	18	5	13	90	4	8	90	-1	-1	-1	9	8	20	9	8	20	
grafo2533	18	21	4	17	105	4	17	105	-1	-1	-1	6	17	26	25	25	25	
grafo2534	22	27	6	22	135	6	15	135	-1	-1	-1	9	18	32	10	18	33	
grafo2537	16	21	6	15	105	6	14	105	12	14	27	12	14	27	27	14	27	
grafo2538	10	12	3	9	60	3	9	60	3	9	15	3	9	15	10	10	14	
grafo254	10	12	3	9	60	2	8	60	2	8	14	2	8	14	13	8	14	
grafo2553	18	21	4	17	105	3	16	105	3	16	24	3	16	24	16	16	24	
grafo256	12	13	2	11	65	2	11	65	2	11	15	2	11	15	11	11	15	
grafo2567	13	15	3	12	75	3	9	75	4	9	16	4	9	16	11	9	16	
grafo2568	15	18	4	14	90	4	14	90	5	14	21	5	14	21	16	14	21	
grafo2569	14	17	4	13	85	4	10	85	6	10	21	6	10	21	15	10	21	
grafo257	10	11	2	9	55	2	7	55	2	7	12	2	7	12	7	7	12	
grafo2575	13	15	3	12	75	3	9	75	3	9	18	3	9	18	11	9	18	
grafo2577	17	22	6	17	110	3	10	110	7	10	25	7	10	25	10	12	24	
grafo2578	34	40	7	33	200	7	25	200	7	25	48	7	25	48	43	25	46	
grafo258	13	15	3	12	75	3	12	75	3	12	18	3	12	18	12	12	18	
grafo2580	15	17	3	14	85	3	11	85	3	11	18	3	11	18	11	11	18	
grafo2582	27	32	6	28	160	6	17	160	34	32	38	34	32	38	39	35	37	
grafo2583	16	21	6	15	105	6	13	105	6	13	28	6	13	28	19	13	27	
grafo2585	16	19	4	15	95	4	13	95	4	13	23	4	13	23	19	13	21	
grafo2586	15	18	4	14	90	4	10	90	8	10	23	8	10	23	9	10	23	
grafo2588	24	31	8	24	155	7	16	155	-1	-1	-1	14	18	37	18	20	37	
grafo259	12	14	3	11	70	3	11	70	7	11	17	7	11	17	16	11	17	
grafo2590	14	16	3	13	80	3	11	80	3	11	17	3	11	17	12	11	17	
grafo2595	13	14	2	12	70	2	11	70	2	11	16	2	11	16	19	11	16	
grafo2597	15	20	6	14	100	5	10	100	-1	-1	-1	6	10	26	15	10	25	
grafo2599	13	19	7	12	95	6	11	95	6	11	29	6	11	29	29	11	24	
grafo260	14	17	4	13	85	4	13	85	4	13	21	4	13	21	13	13	20	
grafo2611	20	22	3	19	110	3	18	110	3	18	24	3	18	24	18	18	24	
grafo2613	15	18	4	14	90	3	11	90	8	11	21	8	11	21	16	11	21	
grafo2615	17	20	4	16	100	4	15	100	-1	-1	-1	6	15	24	15	15	23	
grafo262	11	13	3	10	65	3	9	65	7	9	16	7	9	16	9	9	16	
grafo2620	13	16	4	13	80	4	11	80	8	12	21	8	12	21	18	17	20	
grafo2625	14	18	5	14	90	4	10	90	8	11	21	8	11	21	8	11	21	
grafo263	11	13	3	11	65	3	11	65	7	11	16	7	11	16	8	12	16	
grafo2630	22	29	8	22	145	8	16	145	15	17	38	15	17	38	26	19	36	
grafo2632	19	23	5	18	115	5	13	115	5	13	28	5	13	28	13	13	27	
grafo2634	14	16	3	14	80	3	14	80	7	14	19	7	14	19	11	16	19	
grafo2637	21	27	7	20	135	5	15	135	11	15	31	11	15	31	13	15	31	
grafo2638	34	40	7	33	200	7	26	200	-1	-1	-1	27	26	46	35	26	46	
grafo2643	19	24	6	18	120	6	15	120	6	15	31	6	15	31	16	15	28	
grafo2648	27	33	7	26	165	7	19	165	-1	-1	-1	8	19	43	21	21	41	
grafo2651	12	16	5	11	80	4	10	80	-1	-1	-1	7	10	21	12	12	19	
grafo2659	13	17	5	12	85	5	10	85	5	10	22	5	10	22	11	11	22	
grafo266	13	16	4	12	80	4	10	80	8	10	22	8	10	22	20	10	20	
grafo2662	19	23	5	18	115	5	18	115	5	18	28	5	18	28	18	18	27	
grafo2663	12	15	4	11	75	4	11	75	8	11	19	8	11	19	16	11	19	
grafo2664	21	27	7	20	135	6	12	135	7	12	34	7	12	34	17	12	34	
grafo2665	12	14	3	11	70	3	10	70	3	10	16	3	10	16	11	10	16	
grafo267	11	13	3	10	65	3	6	65	5	6	15	5	6	15	6	6	15	
grafo2671	24	29	6	23	145	6	19	145	6	19	36	6	19	36	38	19	36	
grafo2677	21	27	7	20	135	7	18	135	13	18	36	13	18	36	35	21	34	
grafo2679	17	21	5	16	105	5	15	105	5	15	25	5	15	25	16	15	25	
grafo268	15	18	4	14	90	4	11	90	6	11	22	6	11	22	14	11	21	
grafo2683	13	17	5	12	85	5	10	85	-1	-1	-1	8	10	22	15	10	21	
grafo269	12	14	3	11	70	3	11	70	3	11	17	3	11	17	11	11	17	
grafo2697	16	20	5	15	100	5	12	100	5	12	25	5	12	25	20	12	26	
grafo2706	13	16	4	13	80	4	12	80	24	20	20	24	20	20	24	20	20	
grafo2714	11	13	3	11	65	3	8	65	3	8	16	3	8	16	8	10	16	
grafo2717	17	20	4	16	100	4	13	100	4	13	26	4	13	26	17	13	25	
grafo272	14	16	3	13	80	3	13	80	3	13	19	3	13	19	13	13	19	
grafo2720	14	18	5	14	90	5	12	90	23	22	23	23	22	23	32	22	22	
grafo2728	16	20	5	15	100	5	14	100	6	14	25	6	14	25	16	14	24	
grafo273	11	12	2	10	60	2	10	60	2	10	14	2	10	14	10	10	14	
grafo2730	15	18	4	15	90	4	13	90	26	24	22	26	24	22	26	24	22	
grafo2733	14	17	4	13	85	4	9	85	7	9	20	7	9	20	10	9	20	
grafo2736	16	19	4	15	95	4	11	95	4	11	21	4	11	21	11	11	20	
grafo2756	21	27	7	20	135	6	14	135	12	14	34	12	14	34	28	14	33	
grafo276	17	21	5	16	105	5	11	105	8	11	25	8	11	25	18	11	25	
grafo2767	20	25	6	19	125	5	13	125	5	13	30	5	13	30	14	13	28	
grafo277	13	16	4	12	80	4	10	80	4	10	20	4	10	20	13	10	20	
grafo2772	14	16	3	13	80	3	7	80	6	7	19	6	7	19	7	7	19	
grafo2775	25	29	5	25	145	5	15	145	10	16	34	10	16	34	13	17	34	
grafo2782	17	21	5	16	105	4	10	105	4	10	27	4	10	27	22	10	25	
grafo2785	14	18	5	13	90	5	11	90	9	11	23	9	11	23	16	11	22	
grafo2790	16	20	5	15	100	4	12	100	-1	-1	-1	5	12	25	17	12	23	
grafo2791	15	18	4	15	90	4	12	90	9	12	21	9	12	21	10	13	21	
grafo2793	21	24	4	20	120	4	16	120	11	16	27	11	16	27	14	16	27	
grafo2803	14	18	5	13	90	5	12	90	5	12	22	5	12	22	13	12	22	
grafo281	14	17	4	13	85	4	13	85	10	13	20	10	13	20	19	13	20	
grafo2810	12	13	2	11	65	2	11	65	2	11	15	2	11	15	11	11	15	
grafo2817	15	19	5	15	95	5	13	95	28	24	24	28	24	24	28	24	24	
grafo2820	14	18	5	14	90	5	10	90	5	11	26	5	11	26	13	14	23	
grafo2825	18	22	5	17	110	5	11	110	5	11	28	5	11	28	17	11	26	
grafo2829	17	21	5	16	105	5	14	105	10	14	25	10	14	25	20	14	25	
grafo283	24	30	7	23	150	7	18	150	-1	-1	-1	15	18	38	41	25	37	
grafo2830	14	17	4	13	85	3	10	85	7	10	20	7	10	20	9	10	21	
grafo2837	25	30	6	24	150	6	20	150	6	20	37	6	20	37	30	20	36	
grafo2842	13	15	3	12	75	3	9	75	3	9	18	3	9	18	11	9	18	
grafo2850	14	18	5	13	90	5	8	90	8	8	24	8	8	24	12	8	23	
grafo2856	16	20	5	16	100	5	11	100	5	12	24	5	12	24	9	14	24	
grafo2857	27	34	8	26	170	6	18	170	6	18	40	6	18	40	28	18	38	
grafo2858	19	24	6	19	120	5	13	120	10	14	30	10	14	30	17	18	29	
grafo2861	16	19	4	16	95	4	13	95	6	14	23	6	14	23	9	15	23	
grafo2871	17	20	4	17	100	4	10	100	8	10	25	8	10	25	16	12	25	
grafo2874	50	60	11	50	300	10	29	300	59	56	72	59	56	72	83	66	72	
grafo288	15	19	5	14	95	5	12	95	-1	-1	-1	11	12	25	19	12	24	
grafo2882	17	19	3	16	95	3	15	95	3	15	21	3	15	21	15	15	21	
grafo2883	15	18	4	14	90	3	10	90	3	10	21	3	10	21	15	10	20	
grafo2889	18	23	6	18	115	6	14	115	12	16	30	12	16	30	15	17	30	
grafo2893	16	20	5	16	100	3	12	100	3	12	22	3	12	22	11	16	22	
grafo2896	10	11	2	9	55	2	9	55	2	9	13	2	9	13	9	9	13	
grafo290	18	22	5	17	110	5	13	110	11	13	29	11	13	29	22	13	28	
grafo2900	14	16	3	13	80	3	11	80	3	11	18	3	11	18	12	11	18	
grafo2908	13	15	3	12	75	3	9	75	7	9	18	7	9	18	9	9	18	
grafo291	20	24	5	19	120	4	13	120	4	13	29	4	13	29	18	13	27	
grafo2919	14	17	4	14	85	4	12	85	4	13	22	4	13	22	18	16	21	
grafo2923	24	28	5	23	140	5	16	140	12	16	34	12	16	34	16	16	34	
grafo2926	14	16	3	13	80	3	12	80	3	12	19	3	12	19	12	12	19	
grafo2928	15	19	5	16	95	5	10	95	17	18	26	17	18	26	23	22	25	
grafo2936	12	14	3	11	70	3	8	70	6	8	16	6	8	16	9	8	16	
grafo2938	12	14	3	11	70	3	8	70	6	8	17	6	8	17	8	8	16	
grafo294	21	25	5	20	125	4	17	125	12	17	29	12	17	29	20	17	28	
grafo2943	21	26	6	20	130	5	12	130	10	12	32	10	12	32	16	12	32	
grafo2949	12	14	3	11	70	3	11	70	3	11	17	3	11	17	11	11	17	
grafo2953	11	14	4	10	70	4	8	70	4	8	18	4	8	18	10	10	16	
grafo2966	23	29	7	22	145	7	21	145	15	21	37	15	21	37	34	21	36	
grafo2987	17	21	5	16	105	4	9	105	8	9	26	8	9	26	12	9	25	
grafo2989	20	26	7	19	130	5	16	130	5	16	31	5	16	31	19	19	30	
grafo299	19	23	5	18	115	4	12	115	4	12	27	4	12	27	13	12	26	
grafo2992	26	33	8	25	165	8	23	165	17	23	41	17	23	41	33	23	40	
grafo2995	20	27	8	19	135	8	17	135	-1	-1	-1	13	17	37	20	20	35	
grafo2998	18	24	7	17	120	6	11	120	9	11	31	9	11	31	12	11	30	
grafo2999	26	33	8	26	165	7	14	165	12	16	42	12	16	42	19	19	39	
grafo300	13	17	5	12	85	4	11	85	4	11	23	4	11	23	19	11	21	
grafo302	17	21	5	16	105	4	12	105	4	12	25	4	12	25	12	12	26	
grafo3024	10	12	3	9	60	3	7	60	3	7	14	3	7	14	7	7	14	
grafo3025	27	36	10	27	180	7	14	180	28	26	42	28	26	42	28	26	42	
grafo303	11	13	3	10	65	3	8	65	6	8	16	6	8	16	9	8	16	
grafo3031	16	20	5	16	100	5	15	100	5	15	25	5	15	25	20	21	25	
grafo304	15	19	5	14	95	4	12	95	4	12	25	4	12	25	12	12	23	
grafo3050	36	47	12	35	235	8	27	235	-1	-1	-1	20	27	54	45	27	52	
grafo3053	42	53	12	42	265	12	32	265	12	33	69	12	33	69	53	45	69	
grafo307	13	15	3	12	75	3	10	75	3	10	17	3	10	17	12	10	17	
grafo3071	23	28	6	22	140	6	16	140	-1	-1	-1	13	16	34	23	16	33	
grafo3080	43	51	9	42	255	8	35	255	25	35	59	32	35	59	41	35	60	
grafo3081	23	28	6	23	140	5	19	140	37	36	31	37	36	31	37	36	31	
grafo3092	24	31	8	23	155	6	14	155	16	14	37	16	14	37	20	14	37	
grafo3097	11	15	5	10	75	5	9	75	10	9	20	10	9	20	11	9	20	
grafo313	11	12	2	10	60	2	10	60	2	10	14	2	10	14	10	10	14	
grafo314	18	21	4	18	105	4	12	105	18	17	25	18	17	25	20	19	25	
grafo315	14	18	5	13	90	5	13	90	5	13	23	5	13	23	13	13	23	
grafo316	11	15	5	10	75	5	10	75	5	10	22	5	10	22	25	11	20	
grafo321	15	18	4	14	90	4	10	90	11	10	21	11	10	21	13	10	22	
grafo322	16	18	3	15	90	3	8	90	6	8	19	6	8	19	6	8	19	
grafo3223	39	48	10	38	240	10	20	240	10	20	57	10	20	57	33	20	56	
grafo324	11	13	3	10	65	3	9	65	3	9	15	3	9	15	9	9	15	
grafo327	10	12	3	9	60	3	8	60	3	8	16	3	8	16	14	8	15	
grafo329	17	21	5	16	105	4	13	105	4	13	26	4	13	26	16	14	25	
grafo330	15	19	5	14	95	5	14	95	5	14	23	5	14	23	15	14	23	
grafo334	12	14	3	11	70	3	8	70	3	8	16	3	8	16	9	8	15	
grafo3349	47	57	11	46	285	10	30	285	10	30	67	10	30	67	46	30	66	
grafo336	21	25	5	20	125	4	15	125	4	15	29	4	15	29	15	15	28	
grafo338	15	18	4	14	90	3	9	90	7	9	21	7	9	21	8	9	21	
grafo339	18	20	3	17	100	3	15	100	-1	-1	-1	4	15	23	17	15	22	
grafo340	15	18	4	14	90	4	13	90	4	13	23	4	13	23	24	13	22	
grafo343	14	18	5	14	90	5	11	90	9	12	23	9	12	23	13	14	22	
grafo345	14	16	3	13	80	3	13	80	3	13	19	3	13	19	13	13	19	
grafo3457	38	49	12	38	245	11	24	245	-1	-1	-1	21	30	62	44	39	62	
grafo346	19	24	6	18	120	5	12	120	10	12	29	10	12	29	16	12	28	
grafo347	13	14	2	12	70	2	9	70	2	9	15	2	9	15	10	9	15	
grafo3480	35	41	7	34	205	7	21	205	7	21	48	7	21	48	40	21	48	
grafo349	13	16	4	12	80	4	10	80	4	10	20	4	10	20	16	10	20	
grafo351	13	17	5	12	85	5	12	85	-1	-1	-1	8	13	23	18	16	23	
grafo352	12	14	3	11	70	3	11	70	3	11	17	3	11	17	11	11	17	
grafo354	12	13	2	11	65	2	10	65	2	10	15	2	10	15	10	10	15	
grafo3547	37	43	7	36	215	7	23	215	15	23	49	15	23	49	33	23	49	
grafo355	14	16	3	13	80	3	10	80	3	10	19	3	10	19	13	10	19	
grafo356	19	24	6	18	120	5	14	120	5	14	31	5	14	31	27	14	29	
grafo361	13	16	4	12	80	4	8	80	4	8	21	4	8	21	11	8	19	
grafo362	19	23	5	18	115	5	15	115	5	15	26	5	15	26	16	15	26	
grafo3627	37	43	7	36	215	7	21	215	7	21	49	7	21	49	27	21	48	
grafo363	10	12	3	10	60	3	7	60	3	7	13	3	7	13	3	7	13	
grafo364	14	16	3	13	80	3	13	80	3	13	19	3	13	19	13	13	19	
grafo366	16	19	4	15	95	4	11	95	4	11	26	4	11	26	28	12	23	
grafo367	14	17	4	14	85	4	11	85	4	11	21	4	11	21	10	14	21	
grafo368	11	15	5	10	75	5	9	75	-1	-1	-1	9	9	21	16	11	19	
grafo371	14	15	2	13	75	2	13	75	2	13	17	2	13	17	13	13	17	
grafo375	17	21	5	16	105	5	16	105	5	16	26	5	16	26	27	16	25	
grafo382	15	19	5	14	95	5	14	95	5	14	24	5	14	24	19	14	24	
grafo383	12	15	4	12	75	3	10	75	7	10	19	7	10	19	8	11	17	
grafo387	13	16	4	12	80	4	10	80	-1	-1	-1	5	10	20	12	12	18	
grafo388	13	16	4	12	80	4	10	80	4	10	20	4	10	20	16	10	19	
grafo390	13	15	3	12	75	3	8	75	6	8	17	6	8	17	8	8	18	
grafo396	15	19	5	14	95	5	11	95	5	11	24	5	11	24	19	11	24	
grafo397	11	13	3	10	65	3	9	65	7	9	16	7	9	16	9	9	16	
grafo399	15	19	5	14	95	5	14	95	-1	-1	-1	14	14	25	30	20	24	
grafo400	16	19	4	15	95	4	12	95	4	12	24	4	12	24	21	12	23	
grafo401	11	15	5	11	75	4	8	75	7	8	18	7	8	18	9	9	18	
grafo403	14	17	4	14	85	4	11	85	7	12	22	7	12	22	9	13	22	
grafo404	12	15	4	11	75	4	7	75	-1	-1	-1	8	7	17	8	7	17	
grafo406	13	16	4	12	80	4	9	80	6	9	19	6	9	19	12	9	18	
grafo408	11	13	3	11	65	3	10	65	3	10	15	3	10	15	9	13	15	
grafo409	19	25	7	18	125	6	13	125	-1	-1	-1	8	13	31	24	13	29	
grafo4099	39	46	8	38	230	8	29	230	22	29	54	22	29	54	48	29	52	
grafo410	14	18	5	13	90	4	12	90	4	12	22	4	12	22	19	12	22	
grafo413	20	26	7	19	130	7	15	130	10	15	36	10	15	36	25	15	32	
grafo414	14	17	4	13	85	4	10	85	6	10	21	6	10	21	13	10	21	
grafo416	18	21	4	17	105	4	11	105	4	11	26	4	11	26	12	11	27	
grafo417	13	15	3	12	75	3	10	75	9	10	18	9	10	18	10	10	18	
grafo419	15	20	6	14	100	6	13	100	12	13	24	12	13	24	17	13	23	
grafo422	17	20	4	16	100	4	10	100	4	10	25	4	10	25	10	10	23	
grafo423	19	24	6	18	120	6	13	120	-1	-1	-1	7	13	31	20	13	29	
grafo425	13	16	4	12	80	4	8	80	4	8	21	4	8	21	8	8	20	
grafo426	19	24	6	18	120	5	12	120	10	12	29	10	12	29	13	12	28	
grafo430	13	15	3	12	75	3	12	75	3	12	18	3	12	18	12	12	18	
grafo431	13	16	4	13	80	4	8	80	7	9	21	7	9	21	8	9	19	
grafo432	19	24	6	19	120	6	15	120	11	16	33	11	16	33	22	18	32	
grafo436	12	15	4	11	75	4	10	75	4	10	20	4	10	20	12	12	19	
grafo437	12	15	4	12	75	4	12	75	9	13	19	9	13	19	10	13	19	
grafo439	11	16	6	11	80	5	6	80	7	7	21	7	7	21	8	8	21	
grafo440	13	16	4	12	80	4	11	80	4	11	20	4	11	20	18	11	20	
grafo441	11	12	2	10	60	2	8	60	2	8	13	2	8	13	9	8	13	
grafo443	13	16	4	13	80	3	9	80	18	16	19	18	16	19	18	16	18	
grafo447	14	17	4	13	85	4	10	85	7	10	21	7	10	21	9	10	21	
grafo448	11	12	2	10	60	2	9	60	2	9	14	2	9	14	9	9	14	
grafo452	14	16	3	13	80	3	13	80	3	13	19	3	13	19	13	13	19	
grafo454	17	21	5	16	105	4	12	105	9	12	24	9	12	24	12	12	24	
grafo455	10	11	2	9	55	2	8	55	2	8	13	2	8	13	8	8	13	
grafo457	12	15	4	11	75	3	9	75	3	9	18	3	9	18	10	10	17	
grafo459	17	22	6	16	110	6	10	110	6	10	28	6	10	28	16	10	28	
grafo472	12	13	2	11	65	2	11	65	2	11	15	2	11	15	11	11	15	
grafo476	19	21	3	18	105	3	18	105	3	18	24	3	18	24	18	18	24	
grafo477	13	15	3	12	75	3	10	75	3	10	18	3	10	18	15	10	18	
grafo480	15	18	4	14	90	4	13	90	9	13	22	9	13	22	19	13	21	
grafo492	18	22	5	17	110	5	12	110	9	12	27	9	12	27	17	12	27	
grafo493	12	14	3	11	70	3	10	70	3	10	16	3	10	16	12	12	16	
grafo494	13	18	6	12	90	5	10	90	5	10	26	5	10	26	15	10	23	
grafo495	20	24	5	19	120	5	15	120	11	15	31	11	15	31	19	15	29	
grafo497	15	19	5	15	95	5	14	95	10	15	23	10	15	23	26	23	23	
grafo501	13	14	2	12	70	2	12	70	2	12	16	2	12	16	13	13	16	
grafo505	13	15	3	12	75	3	9	75	4	9	17	4	9	17	11	9	17	
grafo507	24	28	5	24	140	4	15	140	4	15	33	4	15	33	7	17	33	
grafo508	20	24	5	19	120	4	15	120	4	15	29	4	15	29	22	15	27	
grafo510	13	18	6	13	90	6	13	90	22	20	26	22	20	26	28	26	25	
grafo511	13	15	3	12	75	3	12	75	3	12	18	3	12	18	14	14	19	
grafo512	16	19	4	15	95	4	12	95	4	12	22	4	12	22	13	13	23	
grafo514	13	15	3	12	75	3	9	75	3	9	18	3	9	18	9	9	18	
grafo5148	34	42	9	33	210	9	19	210	9	19	51	9	19	51	22	19	52	
grafo515	11	13	3	10	65	3	10	65	7	10	16	7	10	16	12	10	16	
grafo5182	33	40	8	32	200	7	25	200	-1	-1	-1	9	25	47	25	25	45	
grafo5215	39	48	10	39	240	9	27	240	53	52	55	53	52	55	74	52	56	
grafo5236	38	47	10	37	235	9	26	235	21	26	59	21	26	59	50	26	56	
grafo524	14	18	5	13	90	5	9	90	5	9	26	5	9	26	17	11	23	
grafo5247	33	40	8	32	200	7	26	200	-1	-1	-1	24	26	50	67	29	47	
grafo526	12	16	5	11	80	4	9	80	8	9	20	8	9	20	11	9	18	
grafo5264	36	46	11	35	230	10	22	230	20	22	59	20	22	59	37	22	57	
grafo527	17	23	7	16	115	5	13	115	11	13	30	11	13	30	22	13	28	
grafo5289	37	45	9	36	225	7	27	225	7	27	54	7	27	54	42	27	53	
grafo5291	37	48	12	36	240	11	27	240	11	27	61	11	27	61	66	27	60	
grafo5295	36	45	10	35	225	9	23	225	19	23	53	19	23	53	46	23	51	
grafo530	13	16	4	12	80	4	10	80	-1	-1	-1	5	10	21	17	10	21	
grafo5314	38	46	9	37	230	9	20	230	18	20	57	18	20	57	50	20	56	
grafo532	11	13	3	11	65	3	10	65	7	10	15	7	10	15	7	10	15	
grafo533	11	13	3	11	65	3	11	65	7	11	16	7	11	16	12	14	16	
grafo534	15	17	3	14	85	3	14	85	8	14	20	8	14	20	20	14	20	
grafo536	14	17	4	13	85	4	12	85	9	12	20	9	12	20	11	12	20	
grafo538	18	21	4	17	105	4	14	105	4	14	25	4	14	25	14	14	25	
grafo5399	35	40	6	35	200	6	28	200	18	30	44	18	30	44	30	36	44	
grafo540	16	19	4	15	95	4	12	95	4	12	24	4	12	24	21	12	23	
grafo541	10	12	3	9	60	3	7	60	3	7	16	3	7	16	7	7	15	
grafo5419	35	44	10	34	220	9	16	220	15	16	53	15	16	53	27	16	52	
grafo543	12	14	3	11	70	3	11	70	3	11	17	3	11	17	11	11	17	
grafo546	12	14	3	11	70	3	11	70	3	11	17	3	11	17	11	11	17	
grafo547	16	18	3	15	90	3	11	90	8	11	22	8	11	22	19	11	21	
grafo548	13	14	2	12	70	2	12	70	4	12	15	4	12	15	15	12	15	
grafo5487	36	44	9	35	220	8	22	220	18	22	51	18	22	51	22	22	51	
grafo550	15	21	7	15	105	5	12	105	16	16	26	16	16	26	16	16	24	
grafo5512	35	45	11	34	225	9	23	225	-1	-1	-1	18	23	58	50	23	56	
grafo552	27	33	7	27	165	7	22	165	51	41	39	51	41	39	51	41	39	
grafo553	16	19	4	16	95	4	11	95	4	12	24	4	12	24	11	13	23	
grafo5547	33	43	11	33	215	10	23	215	20	27	57	20	27	57	62	48	54	
grafo556	15	20	6	15	100	5	12	100	10	13	25	10	13	25	15	14	25	
grafo5561	36	42	7	35	210	7	25	210	7	25	47	7	25	47	32	32	46	
grafo557	11	13	3	10	65	3	9	65	3	9	16	3	9	16	9	9	16	
grafo5574	35	42	8	34	210	8	25	210	8	25	53	8	25	53	37	25	51	
grafo559	13	17	5	12	85	5	10	85	7	10	21	7	10	21	13	10	21	
grafo5609	35	46	12	34	230	10	19	230	10	19	58	10	19	58	41	23	59	
grafo5646	33	40	8	33	200	8	21	200	42	40	49	42	40	49	57	40	47	
grafo5649	40	49	10	39	245	9	33	245	31	33	59	31	33	59	39	33	59	
grafo565	17	21	5	16	105	4	12	105	9	12	24	9	12	24	12	12	24	
grafo5667	36	45	10	36	225	7	27	225	19	29	54	19	29	54	55	47	52	
grafo567	14	19	6	13	95	6	13	95	9	13	25	9	13	25	18	13	24	
grafo5670	37	44	8	36	220	8	34	220	-1	-1	-1	15	34	53	58	34	53	
grafo568	20	24	5	19	120	5	14	120	5	14	30	5	14	30	21	14	29	
grafo571	12	13	2	11	65	2	11	65	2	11	15	2	11	15	11	11	15	
grafo5712	36	46	11	35	230	10	26	230	-1	-1	-1	18	26	57	46	43	55	
grafo572	17	20	4	16	100	4	12	100	4	12	25	4	12	25	20	12	24	
grafo5737	34	41	8	33	205	7	20	205	23	20	48	23	20	48	29	20	47	
grafo576	12	16	5	11	80	5	9	80	8	9	19	8	9	19	8	9	19	
grafo577	13	16	4	12	80	4	10	80	5	10	19	5	10	19	12	10	19	
grafo5770	33	42	10	32	210	10	29	210	-1	-1	-1	31	29	53	43	29	53	
grafo5815	34	44	11	33	220	10	21	220	20	21	54	20	21	54	33	21	55	
grafo5816	33	40	8	32	200	7	24	200	18	24	50	18	24	50	34	24	48	
grafo582	15	18	4	14	90	4	8	90	4	8	23	4	8	23	9	8	21	
grafo5847	35	43	9	34	215	7	22	215	-1	-1	-1	22	22	52	33	22	50	
grafo585	15	19	5	14	95	5	11	95	9	11	23	9	11	23	11	11	23	
grafo5865	36	47	12	35	235	10	20	235	10	20	62	10	20	62	32	20	59	
grafo5883	36	44	9	35	220	9	30	220	9	30	54	9	30	54	31	31	55	
grafo589	12	15	4	11	75	4	10	75	-1	-1	-1	5	10	20	10	10	19	
grafo5906	34	42	9	33	210	8	19	210	15	19	47	15	19	47	27	19	47	
grafo592	14	16	3	13	80	3	13	80	-1	-1	-1	6	13	20	13	13	19	
grafo5939	33	43	11	33	215	10	23	215	-1	-1	-1	24	29	55	32	33	55	
grafo594	11	13	3	10	65	3	9	65	3	9	15	3	9	15	10	9	15	
grafo595	13	17	5	13	85	5	12	85	24	22	21	24	22	21	24	22	21	
grafo596	14	18	5	14	90	4	11	90	8	11	23	8	11	23	14	13	21	
grafo599	18	22	5	17	110	5	15	110	-1	-1	-1	10	15	29	36	20	27	
grafo5994	33	40	8	33	200	8	26	200	27	26	49	27	26	49	39	29	49	
grafo600	19	24	6	18	120	6	17	120	14	17	30	14	17	30	25	17	30	
grafo601	19	24	6	18	120	4	12	120	4	12	28	4	12	28	18	12	28	
grafo603	26	31	6	25	155	5	18	155	5	18	35	5	18	35	18	18	35	
grafo604	12	13	2	11	65	2	8	65	5	8	15	5	8	15	7	8	15	
grafo6040	34	39	6	33	195	6	30	195	20	30	46	20	30	46	68	30	45	
grafo6047	32	37	6	31	185	6	21	185	6	21	44	6	21	44	30	30	43	
grafo6050	34	43	10	33	215	9	19	215	-1	-1	-1	16	20	55	27	22	53	
grafo6066	36	43	8	36	215	8	30	215	-1	-1	-1	59	58	51	61	60	50	
grafo608	13	15	3	12	75	3	11	75	4	11	17	4	11	17	13	11	17	
grafo609	12	14	3	11	70	3	11	70	3	11	17	3	11	17	12	12	17	
grafo611	12	14	3	11	70	3	10	70	3	10	16	3	10	16	12	12	16	
grafo6113	35	43	9	34	215	9	24	215	30	24	55	32	24	55	35	24	54	
grafo612	11	13	3	11	65	3	10	65	3	10	15	3	10	15	9	13	15	
grafo620	27	32	6	26	160	5	18	160	5	18	37	5	18	37	21	18	37	
grafo623	13	15	3	12	75	3	9	75	7	9	17	7	9	17	8	9	17	
grafo625	14	17	4	13	85	4	10	85	4	10	22	4	10	22	12	10	21	
grafo631	16	20	5	15	100	4	12	100	4	12	24	4	12	24	16	12	24	
grafo6311	37	46	10	36	230	9	25	230	-1	-1	-1	17	25	58	30	26	57	
grafo6365	34	42	9	34	210	8	23	210	8	24	52	8	24	52	38	30	50	
grafo637	13	14	2	12	70	2	12	70	2	12	16	2	12	16	12	12	16	
grafo640	16	20	5	15	100	4	9	100	4	9	24	4	9	24	14	9	24	
grafo642	14	17	4	13	85	4	13	85	-1	-1	-1	7	13	22	15	15	21	
grafo644	14	18	5	13	90	5	10	90	8	10	23	8	10	23	13	10	23	
grafo645	17	22	6	16	110	6	15	110	8	15	27	8	15	27	19	15	26	
grafo6491	51	63	13	50	315	13	42	315	33	42	78	33	42	78	90	45	77	
grafo650	12	13	2	11	65	2	10	65	2	10	14	2	10	14	10	10	14	
grafo652	14	16	3	13	80	3	10	80	3	10	19	3	10	19	13	10	19	
grafo653	12	14	3	11	70	3	10	70	3	10	17	3	10	17	10	10	17	
grafo661	16	19	4	16	95	4	11	95	4	11	24	4	11	24	14	15	23	
grafo662	14	18	5	13	90	5	11	90	5	11	23	5	11	23	12	12	23	
grafo663	19	23	5	18	115	4	17	115	4	17	29	4	17	29	31	17	27	
grafo665	13	15	3	12	75	3	11	75	6	11	18	6	11	18	15	11	18	
grafo666	12	16	5	12	80	5	8	80	7	9	21	7	9	21	8	10	21	
grafo667	12	15	4	12	75	4	9	75	4	9	21	4	9	21	10	10	19	
grafo669	12	16	5	13	80	5	11	80	21	19	21	21	19	21	21	19	21	
grafo670	15	19	5	14	95	4	12	95	6	12	24	6	12	24	18	12	22	
grafo671	13	17	5	12	85	5	11	85	10	11	20	10	11	20	17	11	20	
grafo6734	38	46	9	37	230	8	27	230	8	27	55	8	27	55	34	27	57	
grafo674	15	19	5	14	95	5	8	95	-1	-1	-1	9	8	24	14	8	22	
grafo675	11	13	3	10	65	2	9	65	2	9	14	2	9	14	9	9	14	
grafo676	11	12	2	10	60	2	8	60	5	8	13	5	8	13	5	8	13	
grafo6808	39	50	12	38	250	11	23	250	-1	-1	-1	28	23	63	34	23	62	
grafo685	11	13	3	10	65	3	9	65	3	9	15	3	9	15	9	9	15	
grafo691	12	14	3	11	70	3	10	70	-1	-1	-1	4	10	16	11	10	15	
grafo699	14	16	3	13	80	3	10	80	7	10	18	7	10	18	8	10	18	
grafo700	14	16	3	13	80	3	10	80	3	10	19	3	10	19	13	10	19	
grafo702	12	15	4	11	75	4	11	75	4	11	18	4	11	18	16	11	18	
grafo704	17	22	6	16	110	6	11	110	6	11	29	6	11	29	22	11	28	
grafo7046	48	60	13	47	300	12	33	300	12	33	74	12	33	74	45	33	71	
grafo707	15	18	4	14	90	3	12	90	3	12	23	3	12	23	21	12	21	
grafo7119	42	51	10	41	255	8	33	255	13	33	62	13	33	62	46	33	59	
grafo713	12	14	3	11	70	3	8	70	6	8	16	6	8	16	9	8	16	
grafo714	13	17	5	12	85	5	11	85	8	11	22	8	11	22	15	11	21	
grafo716	13	15	3	12	75	2	8	75	2	8	16	2	8	16	9	8	16	
grafo719	14	16	3	13	80	3	13	80	3	13	19	3	13	19	13	13	19	
grafo720	14	18	5	13	90	4	10	90	4	10	22	4	10	22	17	10	21	
grafo724	18	23	6	18	115	6	13	115	6	15	30	6	15	30	20	17	29	
grafo725	15	17	3	14	85	3	14	85	3	14	20	3	14	20	14	14	20	
grafo726	14	17	4	13	85	4	13	85	-1	-1	-1	7	13	22	19	19	21	
grafo729	15	17	3	14	85	2	12	85	2	12	18	2	12	18	12	12	18	
grafo730	12	15	4	12	75	4	10	75	8	10	19	8	10	19	16	13	18	
grafo731	14	17	4	13	85	4	13	85	4	13	21	4	13	21	13	13	21	
grafo735	15	17	3	14	85	3	13	85	3	13	20	3	13	20	13	13	20	
grafo736	13	15	3	12	75	3	12	75	3	12	18	3	12	18	13	13	18	
grafo7365	45	56	12	44	280	11	35	280	-1	-1	-1	36	35	70	57	39	68	
grafo737	14	17	4	13	85	4	10	85	-1	-1	-1	7	10	22	12	12	21	
grafo738	12	16	5	11	80	4	8	80	5	8	19	5	8	19	11	8	18	
grafo739	15	19	5	14	95	5	11	95	10	11	24	10	11	24	16	11	22	
grafo740	11	13	3	10	65	3	10	65	4	10	16	4	10	16	12	10	16	
grafo741	14	16	3	13	80	3	13	80	3	13	19	3	13	19	13	13	19	
grafo7437	44	58	15	43	290	14	27	290	14	27	75	14	27	75	50	27	74	
grafo746	13	16	4	13	80	4	11	80	8	11	19	8	11	19	11	13	19	
grafo747	12	15	4	11	75	4	10	75	9	10	17	9	10	17	12	10	17	
grafo748	11	13	3	10	65	3	9	65	5	9	15	5	9	15	12	9	15	
grafo749	11	13	3	10	65	3	8	65	3	8	15	3	8	15	8	8	14	
grafo750	12	14	3	11	70	3	11	70	3	11	17	3	11	17	11	11	17	
grafo751	11	13	3	10	65	3	9	65	3	9	16	3	9	16	9	9	16	
grafo753	26	32	7	26	160	6	16	160	13	17	39	13	17	39	17	18	38	
grafo755	20	24	5	19	120	5	16	120	5	16	29	5	16	29	18	16	29	
grafo756	12	13	2	11	65	2	11	65	2	11	15	2	11	15	11	11	15	
grafo760	13	15	3	12	75	3	11	75	3	11	17	3	11	17	11	11	17	
grafo761	13	16	4	13	80	4	12	80	9	12	20	9	12	20	13	13	20	
grafo766	12	14	3	12	70	3	10	70	7	10	16	7	10	16	7	10	16	
grafo767	22	26	5	21	130	4	19	130	4	19	29	4	19	29	19	19	29	
grafo769	14	16	3	13	80	3	10	80	3	10	20	3	10	20	14	10	19	
grafo770	12	14	3	11	70	3	10	70	3	10	16	3	10	16	12	12	16	
grafo771	19	22	4	19	110	4	13	110	25	24	26	25	24	26	25	24	25	
grafo772	11	14	4	10	70	3	8	70	6	8	16	6	8	16	8	8	16	
grafo773	12	15	4	11	75	3	10	75	7	10	18	7	10	18	9	10	18	
grafo774	17	22	6	17	110	6	12	110	11	14	31	11	14	31	24	20	29	
grafo778	15	19	5	14	95	5	10	95	5	10	24	5	10	24	16	10	24	
grafo779	13	17	5	12	85	5	12	85	5	12	25	5	12	25	25	13	23	
grafo781	12	14	3	11	70	3	10	70	3	10	16	3	10	16	12	12	16	
grafo783	15	21	7	15	105	5	11	105	-1	-1	-1	8	13	28	11	13	27	
grafo785	16	19	4	15	95	4	14	95	10	14	24	10	14	24	21	14	23	
grafo790	17	21	5	17	105	5	15	105	5	16	25	5	16	25	13	20	26	
grafo791	13	17	5	13	85	5	12	85	24	22	22	24	22	22	25	22	22	
grafo792	13	16	4	13	80	4	11	80	22	20	20	22	20	20	28	20	20	
grafo793	13	16	4	12	80	4	9	80	4	9	21	4	9	21	13	9	21	
grafo797	14	17	4	13	85	3	10	85	3	10	19	3	10	19	12	10	19	
grafo803	15	20	6	15	100	5	12	100	-1	-1	-1	8	15	25	13	16	25	
grafo804	21	25	5	20	125	5	18	125	12	18	28	12	18	28	18	18	28	
grafo806	15	19	5	14	95	5	9	95	9	9	23	9	9	23	11	9	22	
grafo807	12	14	3	11	70	3	10	70	3	10	17	3	10	17	10	10	17	
grafo808	12	14	3	11	70	3	11	70	3	11	17	3	11	17	11	11	17	
grafo809	15	18	4	14	90	4	11	90	4	11	22	4	11	22	13	11	22	
grafo810	16	19	4	15	95	4	15	95	4	15	23	4	15	23	15	15	23	
grafo814	14	16	3	13	80	3	13	80	3	13	18	3	13	18	14	13	18	
grafo815	15	17	3	14	85	3	11	85	3	11	20	3	11	20	17	11	19	
grafo816	17	22	6	16	110	6	16	110	-1	-1	-1	14	16	28	24	16	27	
grafo817	18	21	4	17	105	4	16	105	4	16	25	4	16	25	18	18	25	
grafo822	11	14	4	10	70	4	10	70	5	10	17	5	10	17	12	10	17	
grafo823	16	19	4	15	95	3	10	95	3	10	21	3	10	21	14	10	21	
grafo824	12	15	4	11	75	4	9	75	4	9	18	4	9	18	10	9	18	
grafo825	15	19	5	14	95	3	12	95	-1	-1	-1	6	12	23	12	12	22	
grafo826	22	25	4	21	125	4	15	125	11	15	27	11	15	27	11	15	27	
grafo827	12	15	4	11	75	4	8	75	7	8	18	7	8	18	8	8	18	
grafo828	22	27	6	21	135	6	19	135	15	19	31	15	19	31	23	19	31	
grafo830	27	32	6	27	160	6	15	160	34	28	36	34	28	36	34	28	37	
grafo834	11	14	4	10	70	4	7	70	4	7	19	4	7	19	10	7	17	
grafo838	16	18	3	15	90	3	12	90	8	12	21	8	12	21	13	12	21	
grafo839	14	18	5	14	90	5	12	90	10	13	23	10	13	23	13	13	23	
grafo840	17	21	5	16	105	5	13	105	10	13	26	10	13	26	12	13	26	
grafo841	14	16	3	13	80	3	13	80	3	13	19	3	13	19	18	18	18	
grafo845	16	19	4	15	95	4	15	95	8	15	23	8	15	23	20	15	23	
grafo848	13	16	4	12	80	4	12	80	4	12	20	4	12	20	13	13	20	
grafo849	11	13	3	10	65	2	8	65	2	8	14	2	8	14	9	8	14	
grafo850	12	14	3	11	70	3	6	70	5	6	17	5	6	17	7	6	17	
grafo851	17	21	5	16	105	5	11	105	5	11	27	5	11	27	24	11	26	
grafo853	16	18	3	15	90	3	13	90	9	13	21	9	13	21	15	13	21	
grafo854	12	14	3	11	70	3	9	70	7	9	18	7	9	18	17	9	17	
grafo855	15	19	5	14	95	5	13	95	5	13	24	5	13	24	20	13	24	
grafo857	11	13	3	10	65	3	10	65	3	10	16	3	10	16	10	10	16	
grafo863	18	22	5	17	110	5	12	110	5	12	29	5	12	29	23	15	27	
grafo867	12	13	2	11	65	2	11	65	2	11	15	2	11	15	11	11	15	
grafo868	12	14	3	11	70	3	10	70	3	10	17	3	10	17	10	10	17	
grafo877	16	19	4	15	95	4	12	95	4	12	24	4	12	24	21	12	23	
grafo880	17	20	4	16	100	4	11	100	4	11	24	4	11	24	19	11	22	
grafo881	10	10	1	9	50	1	9	50	2	9	11	2	9	11	9	9	11	
grafo882	26	31	6	25	155	5	12	155	5	12	37	5	12	37	19	12	35	
grafo886	15	18	4	14	90	4	12	90	4	12	22	4	12	22	12	12	21	
grafo887	13	17	5	12	85	5	12	85	-1	-1	-1	6	12	22	14	14	21	
grafo888	12	14	3	11	70	3	7	70	3	7	16	3	7	16	8	7	16	
grafo891	13	14	2	12	70	2	12	70	5	12	15	5	12	15	16	12	15	
grafo895	12	13	2	11	65	2	11	65	2	11	15	2	11	15	11	11	15	
grafo897	12	14	3	11	70	3	10	70	3	10	16	3	10	16	12	12	16	
grafo900	11	14	4	10	70	3	9	70	4	9	17	4	9	17	11	9	17	
grafo903	17	22	6	16	110	6	16	110	-1	-1	-1	14	16	28	24	16	27	
grafo906	12	13	2	11	65	2	11	65	2	11	15	2	11	15	11	11	15	
grafo908	12	15	4	11	75	4	9	75	-1	-1	-1	5	9	20	10	10	19	
grafo912	14	16	3	13	80	3	13	80	3	13	19	3	13	19	13	13	19	
grafo913	15	19	5	14	95	5	11	95	5	11	25	5	11	25	17	11	24	
grafo918	24	29	6	23	145	6	16	145	6	16	36	6	16	36	27	16	33	
grafo927	11	12	2	10	60	2	8	60	2	8	14	2	8	14	8	8	14	
grafo931	13	16	4	12	80	4	12	80	7	12	20	7	12	20	16	12	20	
grafo936	12	14	3	11	70	3	10	70	3	10	16	3	10	16	12	12	16	
grafo937	11	12	2	10	60	2	10	60	2	10	14	2	10	14	10	10	14	
grafo939	15	18	4	14	90	4	12	90	9	12	22	9	12	22	15	12	22	
grafo940	20	25	6	19	125	6	17	125	-1	-1	-1	17	18	31	24	17	32	
grafo944	14	16	3	13	80	3	10	80	3	10	19	3	10	19	13	10	19	
grafo949	10	12	3	10	60	3	8	60	-1	-1	-1	4	9	15	6	9	15	
grafo953	18	21	4	18	105	4	12	105	18	17	25	18	17	25	20	19	25	
grafo954	12	13	2	11	65	2	11	65	2	11	15	2	11	15	11	11	15	
grafo955	13	14	2	12	70	2	11	70	2	11	16	2	11	16	11	11	16	
grafo956	14	18	5	13	90	5	11	90	7	11	22	7	11	22	14	11	22	
grafo957	12	12	1	11	60	1	11	60	2	11	13	2	11	13	11	11	13	
grafo965	15	18	4	15	90	4	8	90	4	8	23	4	8	23	6	9	23	
grafo966	13	15	3	12	75	3	12	75	6	12	18	6	12	18	16	12	18	
grafo967	16	19	4	15	95	4	12	95	4	12	24	4	12	24	21	12	23	
grafo969	12	15	4	12	75	4	9	75	7	10	17	7	10	17	7	10	17	
grafo972	18	21	4	17	105	4	12	105	4	12	26	4	12	26	22	12	25	
grafo973	14	16	3	13	80	3	13	80	3	13	19	3	13	19	13	13	19	
grafo974	14	16	3	13	80	3	13	80	3	13	19	3	13	19	13	13	19	
grafo977	19	23	5	19	115	5	12	115	-1	-1	-1	9	15	30	15	17	29	
grafo980	20	23	4	20	115	4	13	115	9	14	29	9	14	29	16	17	27	
grafo982	15	18	4	14	90	4	13	90	9	13	21	9	13	21	19	13	21	
grafo985	15	19	5	14	95	5	11	95	7	11	25	7	11	25	19	11	25	
grafo988	11	13	3	10	65	3	10	65	3	10	15	3	10	15	11	10	15	
grafo989	13	16	4	12	80	4	12	80	-1	-1	-1	10	12	20	20	17	19	
grafo990	13	15	3	12	75	3	11	75	8	11	18	8	11	18	9	11	18	
grafo9902	32	37	6	31	185	6	24	185	6	24	45	6	24	45	25	24	44	
grafo991	13	16	4	12	80	4	12	80	6	12	19	6	12	19	16	12	19	
grafo9926	33	39	7	32	195	7	23	195	7	23	48	7	23	48	26	23	47	
grafo9934	34	42	9	34	210	8	23	210	46	44	50	46	44	50	49	44	50	
grafo994	13	18	6	12	90	6	10	90	-1	-1	-1	10	10	25	17	10	24	
grafo9947	32	41	10	32	205	7	28	205	19	30	48	19	30	48	32	36	48	
grafo995	18	21	4	17	105	4	14	105	7	14	26	7	14	26	19	14	25	
grafo9951	33	39	7	32	195	7	21	195	-1	-1	-1	19	21	46	43	21	44	
grafo996	11	14	4	10	70	4	8	70	7	8	17	7	8	17	9	8	17	
grafo997	11	13	3	10	65	3	9	65	7	9	16	7	9	16	9	9	16	
grafo998	16	19	4	15	95	4	8	95	4	8	23	4	8	23	10	8	21	
grafo999	13	15	3	12	75	3	12	75	3	12	18	3	12	18	12	12	18	
grafo9990	31	37	7	30	185	7	26	185	19	26	46	19	26	46	36	26	46	
